aroon_down: 0.23
aroon_up: 0.24000000000000002
awesome_oscillator: 0.9000000000000001
bol_wband: 0.35
cci: 0.49
chaikin_money_flow: 0.32
dpo: 0.36
ease_of_movement: 0.21000000000000002
force_index: 0.69
kama: 0.5800000000000001
macd_diff: 0.78
macd_signal: 0.63
mass_index: 0.98
money_flow_index: 0.9199999999999999
normalization_choice: 4
ppo: 0.24000000000000002
ppo_signal: 0.8600000000000001
pvo: 0.81
pvo_hist: 0.55
pvo_signal: 0.79
roc: 0.71
rsi: 0.97
stoch_oscillator: 0.5700000000000001
stoch_oscillator_signal: 0.48000000000000004
stoch_rsi: 0.8400000000000001
stoch_rsi_d: 0.8400000000000001
stoch_rsi_k: 0.64
trix: 0.6100000000000001
tsi: 0.36
williams_r: 0.35
